489155160
71092938
26261471
51496027
26154978
120244187
36473331
121510236
26490481
40580009
496795673
38244180
121059319
26301881
199811071
47071880
48082917
569342750
136765278
51270104
181077473
95055754
245226810
37402112
50237189
38433240
617923031
112837021
40017619
71588578
76385901
95873995
31478096
47939440
9528182
38746172
427632467
90075649
217965779
156037856
31919607
121649330
155601320
13884994
691207102
68950614
175831187
43583707
245622027
58115154
66934438
178844972
91136321
27115917
138094916
132279966
46857971
134609454
30904062
89408007
28526571
47703889
431882702
66076836
408882505
110690086
29829912
117783070
45184940
152633332
106013742
26241991
194749904
47125717
38547166
40784764
138375255
62178548
159498717
407388596
83953406
36340781
505827356
107497371
81628627
167189231
445132093
52615982
490164805
47594707
11001241
505360781
119415848
216351084
149727725
85581832
87481167
63164470
139709045
29094596
18074328
38881685
29899360
680844900
495899004
143868710
115659124
3818382
193270950
416031592
56865374
71934478
37522866
52614128
70075625
20694610
87803283
693080058
31500812
136189230
77573531
42242477
93455889
58393005
30610294
35780889
28564152
80999147
187352927
194430943
665575600
53052202
142321038
109652110
38617117
107992372
173950952
24112133
63602976
26857029
116010031
102188531
74547134
16689163
20508512
161444554
595958889
674570414
165572706
25736477
178763618
119497908
30666848
15554591
30080751
431679357
129469149
121111915
35758713
149397653
24666044
177730578
26551727
417246422
178509542
42296879
6896654
105584645
20992865
27787567
94908847
123042641
138009898
116363747
51891532
277057209
65206102
124318726
139094686
132289488
197406569
232402813
320878
25220420
50127647
31063899
31062476
53999900
59624901
457124238
237687661
210014596
678718469
688445502
87111052
44806759
562508072
70858845
173037823
143099070
141447771
150436863
155703758
22510310
68727743
52839414
37705807
90222378
144555242
35828637
31457014
36954803
40299581
149188013
538506717
35647075
26537777
164938966
436417492
112983233
693162604
56962861
96706929
151054406
31239503
49233748
224539819
106690387
106159308
501717654
42896693
25604128
150989534
102619512
56722958
139736417
522937378
39048329
99723741
50465063
101327701
595850827
51123995
142125052
216454756
117379932
675377844
30281925
36725432
25259668
36620767
506880770
67970187
23946146
26766376
37549650
132199022
176675885
28911131
133220545
80413539
67450965
30661033
103237625
46615641
118241089
49749086
172553391
209262056
47485986
187881090
2982838
402786416
31944225
416297737
112618532
517220421
140792340
2261919
492053598
24057744
148570902
87831939
8683614
42108204
38842801
184325380
423999537
69906737
122101897
157731254
692829313
79698024
42022015
53904523
55776332
230701562
25058522
52968416
109163696
30889146
84898167
277945156
116888929
53831996
52203144
51786703
100625840
68292748
47474524
86488732
456344442
216672046
124656692
142932807
139665879
46257960
188273795
120432137
158577991
571613121
62638609
123278702
152500660
32115632
179089630
58948950
29578325
44057119
135675015
124467382
89537237
147734961
112029747
109157255
20514290
88230429
90387538
100394305
216233870
151249156
269805249
10180554
611248802
113058762
244373865
247788421
35860120
583861373
130719691
34932688
27680990
44259528
65293646
75319267
157993775
134910548
61312447
8815236
85206619
79519117
460120312
143825043
123020035
68023343
5315168
551196500
119795835
47119647
561922827
24138907
64128567
54498880
56361303
37853510
95865289
151819490
275272993
98442673
121228500
5690948
46029485
125323544
43725651
229592655
492779169
414973116
86427693
76338447
147658645
27992608
669411046
545757870
80584722
182867055
415356584
28036688
39705645
174955366
109826174
600417243
691794998
4123340
174805181
198506129
69840529
659043543
156961894
115361391
92653727
11152602
47972131
487316052
130744141
14891712
30080840
110892046
124069501
30220059
37550199
61443868
25093116
31367265
122442587
175631655
689086667
30224721
85467951
254151744
111518512
191123989
139683021
71928697
621882543
26696343
53184155
182516167
156039563
40669301
65196644
680650256
182531926
130924701
131452213
25882116
43201452
142073418
138494173
40271722
89283616
68879855
23526154
427703203
31894912
488631075
178803032
689085233
115326215
46277457
84218661
32085830
71509335
131210325
73625408
70256539
102346837
51754683
124651013
479479605
78648925
127830561
195310573
53600087
73915127
1518077
506728919
23945610
525763005
142720133
453101718
182506427
422481048
38779717
41616317
462208622
56625428
614656859
21302211
154892745
73469143
41244221
75891532
648704219
72700357
52959392
155189244
173445057
216375248
52319485
36852565
681714772
432519957
78903253
587384693
125729919
25002285
129707948
531050656
169539617
622453208
86058620
24761645
67849263
76846779
97497899
104231538
28054687
70302631
431470138
80649665
42556012
64080424
26374918
27132299
95518828
137298121
51486023
566397278
179144678
21418609
151902868
57069336
128544632
137443502
7832442
47243696
126680098
148140136
46589460
225772624
613442022
73516344
402022735
413803209
24645761
31205177
112541755
157995168
22025290
646861315
110276214
11249217
40541068
143797270
105623158
125809135
90944805
130289619
64520512
224502550
121676028
43126328
30976842
67256554
44034733
247483032
477055631
474460778
128430795
39401466
57606996
100680519
30458295
37123889
169164648
148147054
88791180
518402906
44445798
690892482
83428908
140171844
118787650
43651330
52900869
192202755
525753861
179761908
96235256
502329433
31840313
404858691
503304793
102743837
481498354
62595539
238385121
132050369
673537270
246121721
38442474
100048373
26642416
130178840
3102991
96738828
63431960
428932318
675980762
6659152
148026485
62328653
117209801
155652547
476643128
46294177
136167181
25677980
627738925
199303315
579520404
51222102
110176631
492283364
57519051
277624494
163999183
501041739
159363380
576540233
25181720
79866989
15386355
2531286
171245477
165501463
3395341
219160421
132739183
138383895
84845363
119707449
210612773
468477560
42843133
47584559
609283746
83435622
59715723
126360993
121135020
31298665
156930773
160688454
153461089
30969819
39464264
39249330
46865623
137499050
122734645
157343059
419619583
229059797
24198048
15158605
126287193
139157085
451374597
566101992
139625245
51133296
97672114
9846758
684811030
54739364
457562328
41463454
78841595
143753075
483639572
88398526
144328881
422397377
24981496
114898662
400412359
21869501
124386057
112520595
132471249
56171030
135522373
232951933
555468596
157867122
28344564
31005354
572662192
117573174
93207474
118355207
111181680
692064719
130432314
84168533
169016641
23348964
64522720
61765204
179992320
529753032
275216793
38958459
539703465
581474161
493413033
128637814
77324100
48657219
182279855
524297220
463762574
51870280
55007706
436976474
545068716
40102288
104939213
57763130
72586503
434734417
35887683
95112545
38871579
137786375
409636318
72736442
535585808
75829789
526874854
135448190
49322801
58660432
124833441
185509110
232672264
274650168
153893302
199283070
235856710
69976443
93812777
533483376
46719113
199595023
472254606
37524427
129625799
43410417
124033620
25065082
174801798
151563017
44658154
62502182
203534805
584037073
40228751
135806030
66736986
26708084
182906782
137098928
189583809
103313973
100153222
140883424
194445120
91865716
118867982
44473723
683235270
225138277
44692825
407912240
174496081
678239415
40980097
44021195
87557790
476451195
84778895
534503051
229093515
72960162
169705370
20786541
127754286
220930843
193805205
125217175
594825013
140551421
47449663
32799887
26484662
89446383
109593463
465510646
195007466
692891256
79393483
114830340
43517719
78397626
690574580
40035700
521838297
529252074
54654189
65428174
566380239
100315133
68771419
51235008
86696866
118344827
93672010
60203565
68381820
525641713
48488237
47603866
141429177
166055211
41362305
186933306
151725719
279387787
407717759
91597299
96446264
52763608
468777657
48374601
64390837
140597379
408871016
686243813
121906021
143412764
646143191
95343009
544150224
103190048
601543115
123610596
129108719
32409994
194676183
132131506
77679899
97256034
78626614
495934954
102440358
241009558
122468839
49095110
48818717
11198364
109280916
211121982
99649221
36981633
550799363
433453866
25467580
36043238
36481935
168523776
276235445
484404305
124076913
110336800
89980185
70075904
247644167
47281189
157648808
13504527
47627824
40601000
23446082
154397342
121821372
110879765
203233322
673982012
169537796
691495474
266432203
40990240
407510247
35782417
69450980
38553197
646743237
104555362
44371628
69599769
542284628
29363507
77574065
161909062
463259660
58585566
43204993
503268769
36144433
224266147
520105335
145813806
14824099
573920310
79683674
93053674
136355877
78986931
503461554
426769375
490970172
576053468
487884011
64260006
440928799
450779765
42022301
428305770
177628323
80934441
167790113
137218232
114856888
109564866
498501291
110147808
179334156
161821418
445080375
189139646
566928429
477962196
43494917
93529406
168729548
647647632
130012553
440140011
564302532
59027968
85639630
110130258
79842765
504891638
485285973
190606935
408156681
147908193
58945499
240402332
123504069
53140039
5305213
124985697
39195291
92417643
593318115
458255101
85412250
71987056
136236691
583118371
44741426
73626243
275229854
134731240
52270013
25836286
160490830
20687760
662084491
229802584
8554751
87333689
229769488
31207068
159270742
584562589
257427605
139466055
139558036
531478187
280288990
64372897
124327487
89025123
106318725
51919116
136907933
26830215
53619534
32714634
92463701
413115888
9279642
12578353
441659183
65118001
53342156
55192464
67261729
71198567
30100714
63971248
433185586
254767638
66574663
484613295
38057303
129372278
71361124
26777192
23858373
58675082
153667766
48097249
660190669
50464144
153859298
433192952
55304118
199208207
541108203
107939114
195299952
628441732
52839768
95046087
131978701
152197792
185798389
134976966
48919437
24590681
275072784
6663444
415006721
145465836
100772686
674654356
151767660
689340400
20572303
448328744
687663897
53135094
80568358
167367386
104178634
89857395
138682712
403094949
40170801
138883340
98386898
421518124
571731095
56642080
43744620
188736325
52188472
471136540
599670798
172162893
80364393
214999550
278734029
23155607
165978292
443418465
218780657
56805248
45208785
46168728
173997128
25273978
487097415
183424739
139837888
105761004
683937751
121900471
684936978
158275741
67149059
41705383
680588583
58021990
84806528
98237692
148651829
197460380
190043945
172378151
55102298
62816137
98397337
588548155
588821613
41122028
140160118
527135604
468642876
112423840
597862911
513806958
68150547
43304416
506644789
121513309
507887662
21700839
457841940
196157392
83613451
596769006
415513756
611238388
153672107
525706750
36546126
648713158
74919571
126895663
39226538
209171918
37121843
689519091
105598582
39459577
213488434
7886744
130079329
25766032
112847431
491994170
93030465
27446517
504150342
60218498
538616241
103618868
186713738
134273463
41721716
104410477
162271954
86879544
48918044
405135778
519728942
147356756
71526143
27528066
35115147
74440333
125352441
74871026
170481576
218482369
466198311
171815634
417428688
147982491
148406601
165115114
441437466
87890182
80145304
210708721
645969602
514657184
433443068
136981884
91816176
413434418
58055383
32369565
596962672
537681297
205715382
61761549
135477760
112824627
27912237
87811161
271313368
144321422
182526518
27772080
171166583
224149832
423154266
62183747
51796259
113932257
151792360
93479223
57744501
76984628
558495042
490235707
244245973
31506856
176231231
26285618
97186917
449787379
558976135
114161807
147311251
57105861
227159873
132820204
30664150
597465009
139817615
493210047
159134359
620884073
35884457
71918286
108400765
94192073
31308659
40827340
430199515
198649856
68455980
51549758
13279462
28209861
687332063
68290396
196539843
477465512
48901648
547762291
33999127
102533523
41719683
426433707
180993461
75413086
41329083
102766788
41276850
138498363
2601579
251119394
22379976
441952335
403545083
59956460
136515615
141632129
108399461
175880480
186423273
188133710
138124387
97783172
139338373
477897370
688631150
432940842
181461514
116114020
47341896
189719915
131589870
128005639
265701457
45414602
58287338
35936871
50815446
72793250
543051454
68131477
65311054
138413649
444259433
120514205
113405746
223501988
155552765
18909439
189787795
652507326
81188606
57250486
639589048
25812641
105216837
71852806
63878136
517279025
688717593
407062856
569342042
117615736
677580866
125507274
691785046
86729677
143398258
680121558
124021995
84491167
677596318
26339415
684776959
677585273
276168724
43864368
186173135
95660365
149083959
71590283
62661350
160745773
71201458
73976931
494524711
153546182
94528132
495320730
35859193
677583928
568415137
137027818
23526248
30009229
455157799
684236351
90699866
679149786
661750711
124496686
124781968
156858536
15409117
86634736
146932823
81480245
32288542
660826751
189772975
452152341
45951681
139890257
557905365
24934483
692951723
77415161
183761663
64484702
613430150
677587729
136956829
466244213
521692124
163303558
647613380
127647856
49516361
50181164
166232298
78348669
40545537
119556499
692603351
13766215
30890872
39814296
554427348
44335594
135919342
83450565
555147013
274653179
198240854
460417343
187700028
48228172
691526116
39986770
91055323
128641014
22128616
140958679
231975149
405310603
641385045
25091957
41283727
26029516
677590662
459898171
111217669
503057971
226124664
71524698
63714191
101383518
111882197
188958037
230878965
524060718
22407530
154495459
684260594
79622099
165979679
612817579
4830932
581832920
165726450
92641610
645933578
577667875
48039167
677592330
18466131
92020561
142768936
151072108
145168862
65232833
62007425
570427215
163708758
153594349
95425954
78107700
545566671
93969210
41382559
38567474
584762748
159638131
132318599
125023241
690091807
71028977
222790065
692603343
23843880
38646632
49617030
87988842
461857190
142051121
656226905
71006117
38054155
40733337
137472142
237271861
46374306
29491102
692337226
137480766
25824481
73690036
26603977
66560444
692600796
153437050
43159291
590551518
127317893
424762347
234371833
470569706
498559925
157591647
245842786
690597917
254417616
116498869
95889160
60900813
202442300
73965941
203601887
52345423
677595199
180165702
112286787
179092849
57923571
246954465
113969037
114491460
471398124
138982175
158130125
158426267
43640943
404557848
263099204
169651821
38329374
121107418
239135140
567836122
116805042
156505378
20268350
424654476
146730858
43697572
41930132
466139555
29511645
518514005
506286889
45736373
125841214
42320398
127192266
623526200
125187189
99381726
165040132
159965232
56401891
191384891
472744172
170554528
97226851
157602243
111799555
125707582
146094553
254038145
181631317
124174772
38818035
158913643
138088505
454493186
178547107
9843852
53457881
134837419
36495270
40315807
115897614
134104249
141574088
21673391
37475749
407816061
476378351
22958834
644939734
138445212
465955870
1258072
544336017
172537236
62045282
680625598
508683744
33182508
116976469
139064318
171504100
463213743
139538221
42396140
141114265
51796296
194066506
582507604
616780841
24482705
70924840
136957462
59302411
471413777
53648099
161188156
447694641
49468534
646760144
513770904
172643869
58087097
37656960
17598753
142083073
216583878
140383069
61755889
579951131
556524626
191614717
71492541
254062004
102259578
109740500
24340267
560209919
495286372
449147455
229714332
432467074
498840927
179375615
225580535
22909818
46160044
495349429
63665030
55726613
108042031
32133240
3286344
657089518
25411293
189325536
63288399
52693175
139016093
87602442
423107553
410322055
39202674
130906522
158219351
94130217
424221796
85706526
89102691
18016233
103033816
50337055
689589233
137758912
668845353
38098676
34957980
99001220
566462662
137466191
157739750
110027977
89390460
16678946
79890440
130011713
612170732
159736397
155592014
41383640
579815185
269099597
146029678
206511825
603637569
72839510
154497193
5834235
126460585
215856945
38389438
148835361
227168488
191706254
463919736
94921993
675879505
205211988
149877622
658750701
469876026
47843218
119915941
50011616
557210499
81384730
26636760
66539853
192615950
511955652
253291439
90127534
419862703
672818368
573218522
152918586
1143627
148238210
47843548
98794915
161106538
13326547
126879999
492680747
56648155
73729481
10838081
24823694
121843420
456775396
49415591
40369913
76037861
510952633
122468255
27933438
73138246
46946967
97401031
27194848
100233072
42999001
122900905
525364338
53509852
40268551
118385536
93243608
20693004
628713234
258624378
508812077
455392444
151938904
522815466
135563605
158748363
242738865
121543119
500770605
127998679
209138680
98169065
640955212
153038048
536523217
223836682
566800788
28534469
525495244
151697952
42175924
57003257
170769040
84770846
50885108
218403838
57127555
50817571
19797868
111125189
657047962
80720516
692905321
680627263
97736774
60955605
533715367
573048492
22836412
55734842
45221641
514894298
444342165
28638761
13829232
157379938
51032107
515012189
257927386
444509182
91346894
95847557
106959846
149764636
25988387
169927748
105618031
50767664
41129779
235743229
270290193
59069436
192762099
689973609
565342528
495173501
41445084
582706627
46346234
166151360
530821239
525242501
167203491
3119120
430708432
63778637
145271713
30171560
154389965
529816497
85708507
104636401
636452272
29237544
138319652
545916864
104966224
128189318
251965150
175279277
169941417
38108090
32119244
458380257
44476447
553187457
196604703
142004975
100449350
618511457
263958278
108118622
70482109
431843053
603762613
28269648
25287825
62442293
86577728
504182
30131293
111507975
123054515
49693210
601368670
40517367
187970145
197235089
88928917
191699518
478641389
90209534
56811658
584184005
200020342
142873278
211814114
109627347
23871361
59521765
102224257
46551102
225074089
195323276
425463627
148757968
464872599
69407663
94317370
52638176
71593149
22168131
94408954
37833696
139151934
115585920
189168209
174215946
79383496
116342952
272168411
148762018
506919714
226054008
529004932
425628762
157854009
524670354
138669488
402053288
269068104
591265387
22170996
103263902
441129229
32720762
688699244
161959630
504459157
508378442
111268765
191862954
36841405
454844399
16913548
147105606
84771938
268921984
410850660
90014966
60967507
165753222
684789025
100541408
42481140
94706671
276504990
40849006
407364531
218182870
280116605
466529106
186104673
191601381
75848575
515594575
48525268
465140085
196451250
28518212
95279036
94572313
639848226
121568726
195468503
594640258
154277931
54894099
89180509
71086573
517399752
43528725
195297921
243726101
159209875
141569736
475704238
135952175
107380765
162443700
149128778
240457897
55797297
547215484
408391469
207617210
621698134
58396936
49278584
29729079
110345741
53320118
156057999
526231973
93439141
140873889
244305113
466478822
155909985
194841005
37358842
485746945
80620714
143142225
28880089
224826097
119594877
237528876
41437666
210365706
570625851
480551260
265500389
559077033
513686689
216231375
547470382
69033477
41091310
125236721
199250360
501052964
62713040
588319418
89326666
27482870
143240367
95774373
488672628
409077604
419394030
551675455
647901324
108585801
58596188
551855052
464902018
225375008
480940537
79811291
36023315
39340450
650758494
27513474
657770349
81012
515513353
437997096
39604685
31917645
26151754
182247727
163498215
123236052
147724445
249135174
663822628
116452001
36725419
81549092
476127465
667200221
490793359
38878346
35789404
47129524
539989581
45252659
216906701
500790429
491891028
505812424
571349029
447446651
94903916
468464979
28600151
449652744
586760567
64173539
447077135
214099878
65833588
542494905
539128874
92440917
103471661
87824935
549102682
188298936
234196900
83582247
168327867
29486329
182398577
64133704
65995830
30866055
246550955
46418210
14491612
643283176
516036798
594808983
27697819
601090702
690538996
56782097
196458863
276300493
127388791
31292268
537567785
579639783
94067071
511417993
104111426
126536529
533554915
138472421
593590973
476263852
555736984
554423691
52440278
256161092
81106222
403697149
149571658
161412838
136752343
527828998
594387598
408615898
269316441
428500596
533320386
106907715
156400303
37825200
160305294
78323040
530307732
569208978
531728405
530748621
402339810
677555177
186794521
105514274
143574021
602705903
115202117
184906631
429504202
465810007
141873933
93589410
61068348
550032600
95443131
691705983
160566389
510418136
670016048
140844567
41819656
231240827
561747131
63758697
53279231
565963716
427639425
269700458
429815059
251982827
57700322
95750133
413609216
62655443
11169338
504396156
276465083
21730259
152979251
452075310
12266693
35958947
119338294
19075919
152454625
276161315
688701302
249960428
176301481
530429746
505080690
90999544
104031977
25058161
50629771
137874350
101740476
456149099
142857336
232277433
632420815
93516755
47751037
563474463
415868832
427431835
25655496
692587347
88454432
498268337
89766478
112866535
675654729
104216401
160322902
612203663
55803463
149897924
45549855
139843692
104788760
109696261
90930048
55901356
155880465
29088092
101769575
209892459
121407967
172704522
464641613
511130602
81597992
523341352
117916426
179539544
109376906
183930165
426315324
137952370
7721026
462802805
145887944
97874220
44401290
147353378
102335198
75451837
176759317
144621813
173082559
147237876
46428968
59784921
236938850
87272984
78615142
212793191
523330692
39682137
22325478
72193879
448251531
75012097
448066812
548485962
38546483
66086072
39535134
232075858
42746939
130389385
135936253
179994299
36601229
480776784
179741887
170375918
53205610
133518022
63689695
22950258
684197482
156646165
74508733
164710117
69910544
109747387
31631594
182821849
58587462
108126405
141412854
643161241
58641635
137109708
42219929
183496926
121972251
27294001
62509474
497185585
152609701
158712610
62706672
124280146
94020869
140851952
59500587
419452701
509457233
153747846
43041466
418534063
36830116
46159851
136852283
450244772
474070323
44933138
123237616
560749841
128656806
79282224
131014873
147667235
130330103
417961847
69907855
275524930
124941069
561210773
42707193
164907729
40666539
506284397
50997766
54676729
137512969
438109051
122256358
79423886
17901901
408911055
20518290
258495934
197407231
89040422
80961999
37416277
128979953
41123511
51417153
186936542
464480572
562411447
618905171
581893807
65906554
250601371
42797849
532405020
134648408
537455126
688700455
215408137
255313679
33955087
116816258
14930010
154599335
478803194
478752798
36138047
25567160
56256675
565394409
162014751
215129847
518538414
12640214
47654798
41340789
526250022
95917582
149036233
23559863
3832093
97649666
219679228
175037112
683090762
163743416
28576941
156217888
516058718
679659111
413964280
38443167
48870417
77026419
469793900
136167902
468612413
113840021
110224280
459539619
44190773
83492207
71587315
194704878
417410842
426574154
63038845
265735182
54800928
554934198
48787034
47695841
43701021
252030242
273044918
406733927
164154290
131797144
36254610
51432571
610368154
100784477
159065158
103698848
91835463
66072708
566123543
97398805
57413515
39592219
440665861
468802141
673225245
549418110
145370128
402998804
429587893
72244733
184795911
454216734
241743126
484356001
663332801
88087109
640874639
114569698
411597452
61910088
80831270
61669419
39640089
122668632
178985519
89337781
158976643
8145907
81830156
636556211
564590769
141526493
594798358
587507187
543519001
5959099
112020752
219198252
27371242
43780487
45030430
584014936
122733401
123997075
124786981
430611717
652620696
94890185
14331981
165367681
195584021
572490366
58770325
27253496
224975375
70933080
618066522
126639749
28101421
80383396
63354411
84539786
191863209
49432102
405116003
158015337
184387693
470395540
517475551
144056739
113256251
71253208
673685400
65206338
35849669
49060973
66904385
160151599
690350572
539531915
167566687
73082959
35961576
520254109
82348509
431756678
147302040
603147926
519451291
137444030
33198924
243986493
103591334
601293650
91693482
92110350
40516046
146667385
107231131
464936777
103840993
209008978
538333501
38186832
180207285
27257364
42690560
510257271
539781554
31287785
137957580
137448582
86582036
121486795
76846327
689363307
94375924
478465262
139169666
32330287
45918233
92634197
120857984
75043035
418644143
36181442
66733314
414157739
214882125
624955777
625750528
555861090
84441364
72871495
27322561
141621943
228194880
514946686
154058941
416130626
581309223
510924293
569876100
116897130
81040699
91481211
38390312
82843556
36931208
89361591
125004301
202601041
185756163
66728103
454913456
106794390
522633418
240486021
483837061
36973271
660643715
465794598
238229176
152295931
78703309
169393399
556229242
86472488
583524059
576960743
409724316
154719789
213647884
156197522
206803450
559423131
452302244
494920806
476703571
466018297
195463890
664058450
604217613
660331576
55401225
136417218
156735815
252999395
57616939
177646432
162712570
511563923
127494354
516180756
629834328
39819190
406912265
64256880
648727653
417561191
109985852
190163874
92665049
192912846
81687305
107763635
162270485
125701472
22064188
152784774
149710267
146509109
242045498
53207341
121670601
194103979
244965162
517681197
91409569
87438071
75947888
510562325
502208458
259975993
191589806
553002431
30837848
520572287
187780372
35833485
242009688
426403195
503014047
659703954
94766447
144539236
242665008
689087915
86226527
107484411
53305399
65442749
646614007
76370158
565867770
95198700
236113110
170159503
499657559
457414646
94381006
40459081
7422873
107786580
275635599
114534645
247664049
551936010
265365813
621253216
245767579
114786509
16578375
144455778
269275547
674857563
193989324
254125916
539534925
270177298
581427547
268700514
86548486
476845395
111947904
431407538
215126768
570869500
445830237
606257856
163703812
553828644
127939464
102830523
506284392
31237430
467744623
76454147
465980464
68512995
646659556
49292688
114257969
30319860
219064300
6777588
36020935
72436854
522808166
23684840
179137408
160919214
117004341
492775505
405752969
41308284
239849233
209747014
166023426
477167042
10086201
601860536
81578595
178538677
92571149
201910626
634699830
240246537
52655089
48267018
496720632
436234650
229734709
191231493
26328381
153980099
468852932
155586958
572984021
425541935
144340016
29450798
22480190
52018634
492721152
645950723
459431168
110070174
126249626
116012631
36829929
180671813
141548645
138373891
544168770
254169644
586980351
178757817
23050280
254173083
669398800
419833529
47698598
77475456
690378467
209992017
547905342
187372689
90993924
47203937
87854825
543737952
448374396
465969682
69031635
76564899
29665493
442558218
50178655
504341891
61495975
32642720
138432211
91881026
74228148
461808805
569444954
60148300
41913448
692216117
57148378
87463730
209084880
457232405
7742831
560874495
126130367
472299004
182183861
627839174
32454063
95387432
78057430
100376679
134637401
156910722
576380773
144762948
173916213
151624707
61858930
177508724
422510992
26773938
569215168
477906417
11641559
526539785
83698046
51320923
120305967
77852974
422374114
46167428
612154518
46448077
37134437
666068681
46108674
60537669
139619390
30817598
145779018
153985252
224824343
473108678
548881466
257931978
438992584
181162222
156319604
101064777
638934165
475054414
29499263
583423970
72874646
262965271
124889479
525071617
674878803
568468086
23261632
54304768
131273592
521737347
50998813
56869846
173034852
163286787
60998242
102658078
77217780
126424669
183769097
10692319
563833132
31369906
635316070
124110712
151306036
80434336
103459598
210470423
544931487
30172904
656852742
39460718
438803956
551111433
623037700
46154411
617718227
49404569
104731856
550548297
446553693
208634408
80699089
63201025
401822139
463701483
73694386
466184125
103682436
145846270
112506439
629203024
134003239
174378224
31664274
437917247
598529723
166143099
46225087
31898810
44370620
171616557
104883983
234775606
559700263
403133139
115125571
473769021
252448444
428003515
510651294
116617280
4977677
236571887
83100241
688697672
73204429
59585811
36305679
691240949
25085210
93863297
137629169
40632346
458132018
206697304
135968498
500504386
81586540
72566780
75785868
104974429
187463168
145349006
152054478
31733363
99559007
247745818
76910419
209787946
454794507
558705393
242709453
198276927
27031399
205712618
474230001
431221027
30856797
83153904
245546855
430980292
67643976
180991661
47948752
22929741
176346146
678578215
540662867
109272473
104211061
200825986
432499739
35837560
612926613
277040562
55329579
665933041
173303912
157560762
71068671
567451394
216949034
565876365
651917216
123566307
148681986
235862907
411172530
485188065
135461638
125033649
623210559
600037165
401021252
157319092
246653360
153985789
244028861
29468816
135411136
420978003
43036298
560377897
128487462
58588527
639294712
550752347
167519957
90788411
260474897
231959593
3393813
69609716
53572703
114863306
196112029
548433358
641016020
267373317
461652185
160012404
551483223
136018484
688723166
125832145
118551425
95817787
416300306
48906286
639380509
152596886
154500670
110354421
482771538
251263826
46223506
132050694
145945519
447415534
21065580
525081633
134630063
457232075
150812745
254735295
236040240
80283391
88724535
557606813
38372487
473689068
476875289
122357325
106644371
104326458
236025122
133702699
246486987
67648673
83968136
556208118
57532594
48603214
81795595
165158023
169142176
450415386
37386164
630211928
38192784
556601119
48816734
68268663
530367588
464940136
70383392
158682571
151369939
105432831
18774621
25681094
51107004
433926081
28687720
30879796
473058708
489111423
538580824
147823435
438011176
228536870
215941453
43789922
40791650
240255583
588418120
145645300
29821648
521955638
88490397
206958344
250058237
431471599
432609988
474956251
243327409
131419419
76470519
189347347
80449704
161733978
113572373
153759297
45872861
512778824
103200399
22458471
665410693
26306692
39179278
503322597
73820380
205095276
146096649
91234935
25858456
42599044
228248450
63861078
30701516
189224859
30388054
591906750
125918565
52947540
109679098
114035484
157518712
147776306
143386540
40432816
558816941
636117475
28903450
486167961
187356997
37106068
49891804
196342300
446786731
75099650
36210253
159302821
58729375
63208102
58999722
180318635
124479220
87886901
123546806
139811085
62064737
667115033
132573301
94847829
107677158
574056008
433618851
167794715
139482710
231064074
106083510
80331285
127524445
558959318
551126808
177719307
160866289
47650431
182103509
183741582
144163941
121203735
113309484
166167562
58244960
107783552
27541787
457824505
693060299
91776690
133319736
218384725
98023559
111476187
215320616
480503466
184506100
471284788
25743612
235796545
427822134
481729797
101432273
532292869
225831325
135100321
134230075
98342202
86013361
490806520
61840135
177063874
455102151
480944463
190002774
138137087
32835581
41134315
55866617
55463927
238420178
137124860
24951939
87130251
111614783
560785926
411856074
21012968
90852676
206865563
21057192
430552786
192971884
79619143
688134971
456271798
209489750
108669655
413086883
60904504
218432135
68902228
693069812
77549092
206053767
40181830
172439159
92044960
500690614
154411484
82662552
91510325
103963970
530617450
469229350
101496590
87631465
148563156
555071282
122365020
632842176
250590054
239024298
126578508
655675625
198684997
100619867
152417515
433582634
44449561
202627171
185261350
464548096
106245593
513615826
169507376
180355410
400974147
511579230
83206047
488812705
401402852
420453023
32093909
581835629
148466579
426986937
66486398
153551533
149100788
599580734
413498913
115376085
54259861
480344147
90452506
32034190
42288964
470131564
124356058
688703105
41082462
94592136
501820341
126305982
10033435
107946500
73185938
193437646
479365099
693063456
122549593
154675739
600799449
61186101
605317311
466484959
111422405
131750413
94970559
690317092
8748304
245531596
446685790
28237374
48136852
648303816
88629478
94821591
611851830
183046784
105915313
103845463
509225060
122471554
455772100
513852826
277524009
204534357
522838973
140608467
418915297
144918836
68525019
567222211
112771438
123045119
532259896
156115088
586018860
48191235
190996375
693072431
627062930
150560154
60975840
107806578
427309986
153759204
101326028
479142729
142444011
640829987
108406086
446382662
157862616
434852474
242938330
669404936
133301377
54242724
138868958
86284734
102165469
403145066
268842261
107083630
91078998
158750323
176337442
106366129
186624922
472762193
137136702
17252665
688704175
168246259
189458248
110956349
434291754
655791340
103254304
255066757
507882845
620278741
41084301
483804716
25607910
480621419
555803511
418094740
121126750
156187296
553353978
156740624
203604248
47485104
614939281
122942362
118960002
148118077
137666117
84923564
154611198
209764732
64466277
156710297
57216234
490246864
442187651
161695059
104626339
95527262
93059168
53160337
194947114
25562663
59869721
525240524
38411875
241989310
686856439
438097236
265833392
675573653
198236322
488628
436947388
132062314
223575498
168705117
503051486
255435000
64126224
63223431
51073889
262378022
159817028
440893479
185530485
556121755
424006152
24437603
276684004
67542551
71169693
153328036
130165191
232286987
137064446
91843639
55845004
132860472
74266541
192513780
453421744
688705126
119501812
91795888
107703933
81393327
171414585
88308576
167430991
531741381
457160457
515035557
530340468
100034166
62463189
159126769
47456875
132789474
198010448
157561255
125478908
35667166
123999648
91494571
54101395
135159435
420514327
476356861
186302724
498317750
492047261
476227519
693071330
617042463
100139364
127215427
477867025
142419908
179561999
240580767
171594500
693076925
670921485
550164121
192944608
62074386
532665798
419185008
39629152
412080331
36944463
74344110
484906921
257310210
206677627
159423721
488086401
137499287
49483836
543128862
157870558
71881432
91704935
124556419
95064282
602868872
529209848
24363414
431717345
61989915
496668270
176302018
199176942
95444311
37638624
504135776
35652771
595796783
440253750
266413267
157820196
24562358
84314415
198100705
48530652
124919941
541561788
105149752
440264581
532692689
584907191
25276652
110642010
106636178
537657196
494962967
59156928
43739471
589030024
152152302
41251722
221951073
574541203
115556486
192946960
463117656
259768138
28651755
163028193
17535020
453031889
86742961
678779824
254721700
501268690
54663715
45898166
140723745
138394663
675166029
487095423
647605208
118504471
423954655
592033034
409858908
551481667
180874893
171030572
91128014
133451165
410306841
480028039
19556971
599806851
39885179
468474236
119387686
475866777
64692533
37922116
80814178
38992734
553973595
478555578
499684868
65895024
53606561
145959089
68292201
55760454
158828421
118378193
176740504
481129978
459556746
74786925
70691421
29221721
87063933
118991278
455700131
642139234
130628846
37681564
22857647
1314939
687486145
491039378
459097857
454247002
179207989
26478052
264101618
121703408
184560152
43290679
84572819
224535157
31852423
640065450
415819785
28026556
19933327
205918398
115677058
6973253
433380296
142529447
431885898
507458393
186341291
540261799
525322110
467241603
476434603
62387779
133811240
557946906
239117747
23693840
174286790
627058393
188139777
403251930
609059227
498989890
230707415
222323841
23252394
176773156
611089849
105521507
553060829
693077791
15165229
176265513
219517592
265813072
613148589
614361266
479360771
74936429
38932350
411081433
18156459
75667153
24358230
617746765
106697160
532226498
509514282
29603927
58676784
618627560
419613754
70100763
615934858
96656072
691483161
139832329
134724512
520058362
157457442
533191690
498787552
122477073
27718634
458927671
463812130
265122709
51073828
228638884
435661581
505111783
612070811
83436161
41670870
617564781
48816687
686987699
505481774
138658744
438120762
54842321
215345346
475380183
567497752
39367256
100800828
58839434
106042431
94648818
612791314
445861017
47897317
39949329
614319663
58900313
501563213
585499860
255734388
71627594
144142464
248958793
124777617
587083666
100670304
63438442
581830596
39200685
204086274
32796916
476206904
185291124
62311787
37156750
531939704
602117661
498460191
556954663
461560097
457160457
494962967
638324880
74388960
458222852
69675382
77958480
175877254
152897120
44785248
37388525
234842828
415035197
206372037
116188418
112603671
126663894
110068325
479947499
95528590
143082717
91441383
63756207
545287362
120819113
76056108
113031251
149849650
164121976
184412485
465261384
18583518
588845324
89843236
177552917
412771633
647096919
501894271
665407813
154611198
216439230
603076277
558865700
468998632
414022007
640211748
159226144
544296843
161456592
160723524
31456831
50582215
21382584
637753015
413727206
93510490
594365818
45529926
545184449
45333619
45499834
667497860
22663842
505914120
149407341
45854122
51459735
177641124
72708811
108960758
162217919
498458392
35791522
412999892
135516767
135273263
59890043
415451927
141180330
63345329
494666137
608584728
409062408
111157098
118597216
85578158
598666927
43891927
510831093
31078675
500450075
53805816
61127
590870463
181147148
605829109
53020599
458195235
126748497
609042682
31753576
510066063
224041796
144427828
43010852
177251122
636909952
106229548
521260899
514994966
458713202
405865757
32395951
626633602
458563205
97925746
40057323
77388786
484295689
228248450
420514327
432163331
653971006
126384597
53735706
623028454
137253790
525253439
197989160
46269228
637407327
147960688
647059327
123476058
121109367
462795767
69983924
56687896
205680274
209764732
167430991
484790939
228578200
95558402
578774483
533835892
187580166
583670780
711641
436267651
241404309
122891153
65881196
70825910
400075229
7203429
158645711
5768531
183186817
453469116
159001954
503942996
690348352
591904801
191878901
36300271
137337855
88413454
32332077
50043237
84432419
116438941
521341513
43290679
49984662
254243213
571080520
445766205
171030572
640065450
36858523
41224013
608925200
489393368
103838228
26113840
24687333
608566199
499018890
157539822
145582779
55693689
534524579
42798855
36603279
52678969
114744015
31478274
55845004
44785248
595568816
464266950
534633911
593419097
541647826
217426532
70912644
71550605
69023918
693074200
30999544
60672785
629635871
39573132
254527273
63992290
149122532
146109466
38411875
213863305
129421616
183137894
428205716
30636009
29223884
462907132
216590862
88317076
592573548
517873856
20969023
46740614
265062514
44854645
160078084
210451619
103449805
73203770
68525019
95009092
155594341
28328966
212788722
190541616
26077374
549751456
96569232
130084387
30734899
113226842
541561788
197608825
195978960
122721342
478413493
151708783
76770238
70377587
147306920
72487669
186487222
60603112
89110753
30204493
173888423
196388028
693075429
505199390
127626120
400737938
152767254
81000195
39391009
684755451
52779146
57555235
90342868
165514303
479947499
159001954
138840911
410044578
659225641
78730630
214147478
529358090
672209876
214924814
540876975
55121622
187702840
504484818
38447360
522339269
178963667
649525316
145085809
48521493
528058798
66956392
155089912
618423933
19317408
472851140
539510873
481466395
175257533
120272422
94502234
31310175
638115411
22709471
160242555
659996100
24524084
416403802
500525917
184901223
253736908
46606398
527901978
32327180
93189889
52118350
501585826
457529735
220929181
410572040
409062408
506235987
565487035
517691122
101692629
150642043
203507958
7740176
517442099
109540576
36002267
129853831
601103444
444645231
36146061
78854566
69358143
504099992
59156625
23753297
124081929
521924561
616989918
476590836
95528196
414758035
41248946
82140874
88317076
504691666
120472184
95497026
45449421
107518822
448383962
131802160
416175524
139317710
531685304
51907031
452233330
35669163
613556517
69787196
516652539
568699760
64443700
444476781
76056108
60046925
127252818
214337266
634219145
30398930
522413734
80223702
248352718
81214272
56988673
192373499
248234872
95980701
120827311
154127125
477731887
27950870
188418312
100955916
42043143
472934990
273231069
162502224
270732763
619706263
263790916
541659554
223634940
38572143
592432441
412493560
477465130
496769678
84507411
40937010
510770938
133273848
138076134
77989754
160802082
40760786
449627246
593811218
594387440
130899554
659151820
158249534
102579304
147907849
422147890
38614552
426102697
131548960
185215388
151794199
54240754
403598353
148464950
659868243
219517592
46017866
111928718
36316582
412387456
216684103
85918073
482208550
117331838
43374730
131700795
515869043
274858377
546554709
93339229
511226957
458718980
491394476
499712542
202129698
464266950
549965441
48129354
511524734
424350803
161315402
49024659
143789788
467519636
203061449
424438937
83686569
50967242
71181354
191326203
604858264
40181971
245377019
41723985
584510245
160032435
182097370
693072431
135154540
582607274
53316841
588437006
166634672
46406599
255727514
94583009
506236047
635699379
187649226
134067645
149242945
29482171
75006374
424339684
275070012
262378022
35791522
410572040
133896185
103255937
117667370
72923126
520044189
90454772
517047929
58732263
45456593
518860109
175504262
565850004
141624573
26643863
12597527
449684936
581151019
236025122
195550603
490624394
445239274
87339212
179278845
147468164
66844077
619241109
521772863
54778227
130505899
18726021
518805901
258123528
73348626
274637427
20699093
529084356
554990602
71881432
37388525
636909952
400737938
551716419
193677587
154952026
210029646
88411623
487873355
400119002
104935777
48767875
121232154
112657042
113723302
42640655
677456785
95473492
214923626
133804227
453288375
135663442
198462743
61100141
441481003
22329722
133765554
160466859
473732233
195993788
209031962
25369632
96522754
680003520
42460336
24822590
258629721
507360832
40756403
38847233
136955332
158951585
562138660
62284010
142879379
46783425
253784584
237127652
153756693
152877045
122919865
91563791
132244945
55700507
693068625
598723266
89115296
129256365
452300332
205680274
113126643
189502849
51374424
277735963
482941080
166708870
95733985
225029295
205369558
100373879
406612865
537318291
241961180
174016188
63433124
86592103
38484778
243258160
472423447
75473140
44256918
38480641
269376179
36264989
514339343
417267443
71691082
280356382
548369712
454077963
630647485
87846613
132005528
159672879
46897178
419147511
123911917
90335373
28130176
456825203
653860313
265677238
656294525
165795655
142720140
85440327
187622707
186310257
42518577
553979151
602006468
174342377
40501191
84820400
73016389
466271652
427428765
23852912
69937101
113575713
25258507
99827763
634041318
637686392
64839165
23704579
128204457
233386895
37139583
571062582
184573457
497816488
564320267
236606180
156218269
426324167
494805945
37516929
100369229
656805028
411561067
195234152
43474477
529888162
27501831
63313244
250685682
74021639
654844424
123138634
482893
213633848
471170964
32186133
47276902
93198807
58622758
54165962
142079931
178963667
37193411
187806877
119478238
546940637
121802679
278069533
422096791
138598833
541562717
553177481
107323780
680475645
139927564
31063789
98394721
414774165
43707039
225838705
597422241
580283706
177644514
123944672
128551861
444262347
82256528
86236011
156920971
61817439
134321638
37747058
258282191
196265281
30749834
558127926
37199076
490368054
484423639
688347788
557029189
259947379
439362857
31537263
401212024
280723407
44766441
50095676
489634597
565502346
684682767
677734025
49294959
212984288
400386470
97790623
74695780
86465665
87312829
90690332
99374880
112891748
113239572
239117747
50429741
628622386
558265588
30782393
455700131
256055749
151434259
22516076
500920903
17162926
405507304
495901227
592313684
262466082
151342464
173206017
150962149
429400355
119573042
24001412
101994211
147803922
72989905
159259410
139883999
522999062
137312952
55489440
184842657
167396854
418029505
30705754
134543011
25540405
46785849
109488280
118402712
550269341
23334283
490739071
25694107
85624871
142917562
180992382
70389580
455199011
164721326
91206528
61095290
112727720
504193740
22772085
122793414
120935302
99111541
127829445
51845034
54714099
484334638
632031830
54492082
144690647
132120938
167188247
106729827
61912072
109545804
400619577
134871814
150039306
412354630
183269936
52728643
207693303
17874040
652371245
41699185
531128608
176429464
62607091
473747270
87015267
112154351
105521507
191399826
111381267
44476107
101851971
526667253
420294280
271036972
635841108
37772270
490965181
82484960
27125135
233765255
18849177
486133089
534267124
567670841
53758576
40872056
650289281
121169076
56691555
581563381
118301394
582334096
81091665
150388830
124305291
106130419
53509081
524536794
436425093
224876363
108297540
27595376
31308916
417522036
143750277
435682592
443600214
22933922
7046792
692928262
31507873
536323116
63555174
163322333
500472180
199154778
78858577
217422805
603389596
38759223
612070811
588549750
246417735
256734589
513839399
51273405
101972691
471302035
630345417
29061127
139918400
175743862
93492156
466641742
572515219
456718131
127729122
111480798
68527284
547460531
455795380
425450553
632270689
691981591
249708848
205362355
39016595
274761731
38544173
645694
26742249
41223512
504394753
565406098
134778186
141410003
424757942
590359512
84076430
195138146
162610674
535103160
159693513
51728389
37529401
491953465
143840079
95009957
138105864
221804443
162217919
25601737
180185482
177705809
520632454
132375896
449831733
162035360
42667055
75737740
133446681
45581909
454477772
82108494
22618204
650612435
45814407
62374710
31778194
248655315
432310189
491745435
144931280
142116214
71929277
136447686
123319292
400538953
144746469
95341601
30032813
634885094
83787344
128592473
71443367
135585972
584513791
491110421
665007448
118284312
268540895
170529426
56529289
53751468
153844545
76786158
555601912
638653637
101976746
206059888
246269371
79558721
70551719
513035197
114232631
178154773
152053091
632875875
145683036
58173133
46165086
235316690
440063088
584424612
123429426
88395036
119772723
511794403
23909188
93846165
69023918
106116804
531894576
145241870
43237877
71008895
30256078
260634470
665885324
555959643
85831574
140562840
128692217
136700099
39675684
44563579
193238846
504101727
117203572
127744446
46701018
467561676
174857577
493095196
70377275
138622130
270925405
692812559
664897436
145565288
242611746
275084523
7443503
70781849
402685378
454998218
430113812
161369536
478681495
251940057
253263164
657383223
118070271
686301819
15203524
64999514
537157018
39416119
63560188
574893997
456704580
100327976
162607238
548382699
529540749
528387281
471003788
104326738
687279385
605003221
489022670
54513867
3088139
119453882
134834819
536448496
440128252
621647525
424285794
186933630
23923171
65348035
56963287
52332186
64127107
128381647
133505839
272771970
147392732
52659601
446955795
132622706
31971521
51073828
85696274
134739482
276289772
600809509
618326522
50143335
186431919
416158630
135599621
405939495
521924069
47305909
112422400
419133342
95826258
553242834
214245075
215032063
134813389
43496740
531940182
600572703
229310651
101403907
222153989
622703239
247205159
70901620
157151181
186307477
521469116
475872170
109482432
38256700
453203543
445020874
203318102
30356158
83365007
107309434
56759635
505159222
143239919
42145878
189899338
550919995
125798411
626226108
262828411
110733624
99454379
422458389
79356557
107493453
245464809
122758529
544359764
29812821
678839683
660502974
635306309
218946265
29530816
470205475
116281863
591087548
55354056
151015360
139085972
157448879
465023538
465801947
51199309
489983596
50891177
451520377
23211421
184343665
116709908
39595026
197470006
43159893
93864677
498569083
10915868
47265094
647095851
126568671
271951208
538421959
501000425
183217316
48908475
467726694
449440313
71442730
278730803
129677469
40247803
107329153
58661503
517735105
83620472
144177569
559186650
40531480
256540450
265805136
76569551
70669179
197209649
602766648
434851424
44405718
271951607
139025390
437631492
97581945
55174591
54029788
46143707
208667020
223256933
195719150
587043960
189063488
119517003
104163269
195148000
58763922
59887353
568377362
552486284
39078333
103632717
147965553
95239848
275334339
107831498
265896373
261029947
51585354
416209690
136290466
692216136
583268137
585403150
109702311
467065608
75549511
192519997
40143596
133168685
86003121
230649797
66288230
31670515
507146124
38067642
160226597
513902091
542818176
462349164
112693827
26294156
119874457
169010590
560599002
101347497
40312083
123321025
150623889
122896034
223297122
509652759
60279435
134693523
145910318
48594647
400344217
491103456
480669699
561693640
58038580
80639443
225282295
165872211
226614881
51825210
245282967
266017073
37044728
443247618
109206236
549839317
157151351
675537524
151665993
203368682
645265318
59619003
578596734
130404816
128471879
534469720
400084300
452800924
47400410
135255211
656579898
165412082
409364655
271610684
240787111
42127222
486759288
495667663
442143846
516107568
70507221
533395426
151002032
59672707
597703544
228527257
184201966
158604136
599571766
447326275
608180694
465934610
54109819
191629635
138878411
151715316
133222603
234778958
77894156
143210292
230828514
191238511
58607461
602991623
39873512
267552374
214670402
56906875
157162110
20644565
46833729
648982045
24069815
178171508
645911728
423794438
30947915
265917837
102835742
23447350
671788031
484146964
171346231
262319971
37625278
530366397
147285771
21344953
143950362
199908291
421312613
161605019
506644621
165652422
440455136
137252783
107263025
440382284
533068635
539535054
466117963
421425560
72123568
168774272
161813362
681032189
454269210
679885588
507138359
179697875
143902266
649736774
48185971
127521034
502075140
227235768
29356148
55885480
189564531
140644897
513568529
689618483
55181983
182226088
105460346
164259821
540327060
99804799
563827003
113415252
459473979
79582621
171652130
129522050
95443593
488151793
637043817
115355414
212366757
652813560
113996101
157695759
200748723
39108462
3405855
488466059
215549206
431363124
35695786
117934520
521643597
200333862
203836965
187098457
420498119
596200381
20963618
13016632
558661555
670260459
540504830
625097172
130449330
69696883
65695575
115914077
32239862
570625195
60821624
89128729
155738590
232915303
264708101
229819734
426359171
137397875
663939002
417256130
159169007
600808605
135761276
189811282
244379966
254453536
518871172
495050697
470380683
455834962
526680888
559217189
27877716
14479214
42401573
118953357
549205457
407137788
6648057
605716580
668806477
38320293
80365675
77157538
96268268
237914275
176017489
205905739
469931112
611047519
132939444
55705345
20922800
500755998
264539794
141965771
36592376
151553843
149509624
551516012
167823705
93558022
402388066
42310656
136107947
50451345
606338878
170500699
127803468
651260591
402492588
120365732
114758791
409029008
688522522
502138742
56955168
461872330
597153846
511607461
209430327
131700400
131393112
272071926
675301487
49395108
151696200
43068731
85464119
513128137
65764272
166466111
61009933
467190149
510141961
120782939
580071779
575510969
467746003
169172724
126376799
290696
489588235
622547714
563716576
56836213
626286628
104042318
637324068
151040001
68691476
69434844
433236082
58566197
268926303
549618257
21617955
419671066
616296072
116808693
51233329
109681654
143376162
543405438
94670225
11945450
167847140
45571387
409096526
121075759
35632770
88818372
156918351
456928704
54679438
175654858
536650546
440257345
468556813
117316019
154747300
413423508
234643981
161945278
455809204
62777193
91078381
74984319
213786448
32868009
174179958
577877247
100729610
248310820
178533915
49757456
419853559
36852872
683352365
419047494
451546983
126509793
42938918
139466666
412677719
131286264
128492800
195368743
192915491
586800169
93791508
137049017
165589079
450332001
570097767
95331679
552499343
534236753
111133413
526500180
216340147
190275153
469906132
43637534
10896528
225184877
90186814
109482652
500873541
79679271
538098521
69324587
530102348
102962767
40679118
405058874
64902468
57063114
246293385
465218900
23668095
544630545
252809475
657016637
152034849
38994418
142081746
131190477
187367220
39680222
418749662
692190699
219184264
205189148
617054422
21178169
470979259
428637684
209480904
19058583
157589012
46786916
207909442
102759837
85910248
156818351
96572693
118137327
48721474
172038684
80874842
526926426
59873915
152472258
187465131
233532433
642520006
583838146
156702088
91719286
236493040
479716797
478239347
168858370
158160174
654930979
58711103
98438098
42292121
173995633
222168937
79008002
465804983
657931856
273493632
497086929
51513029
164343704
623724474
132492941
233917143
498519513
636416529
503463115
404523767
507810872
686489669
38813812
465348194
146701517
57206572
556616484
123371118
139839699
146013106
492325778
246451133
543510639
69569274
45059380
135341475
161710715
636951938
229444355
64838373
59611801
77747708
120429543
623072866
83478637
148034005
203841331
520585378
428205716
42764020
423048034
19957286
527417215
112543160
197028355
94858806
480415475
551112913
487878559
130151622
518988053
191713833
480463528
125942564
227270772
164358206
223708945
448144506
264162344
69551995
517741749
48428519
29840963
154398740
60828925
575816474
500952698
97001659
51857162
154727500
36949349
98891264
114392461
151046563
124530345
92667103
574141428
162766589
43056005
549014650
20440337
650539868
31140665
102621774
580254027
75348757
25630620
51881224
107252616
22973785
4699174
85569129
70785625
138519977
57250155
625350693
195739041
179331915
165567078
75594607
427633954
254932066
75286537
48607805
510279448
190143651
120889490
3246222
441577278
216983739
576423401
625241900
177069830
44812632
510267543
209667181
255239635
96487776
159319477
32696497
502576166
419881050
115637235
154680191
144625509
453177181
263195450
447999893
546164898
75010769
134763360
502620813
544556558
513211276
512836015
230412830
36029616
107496464
526727761
51679702
477224012
148582822
105263258
463123996
28531939
68918770
27754846
124820293
540994836
164903200
61635470
157590400
155917079
59581889
169579325
682018043
657151204
87332202
555898085
115384480
65858877
546672445
582588184
119006967
110500093
520496942
400315990
43656449
70478568
470808948
72778355
82437489
46240041
429443982
103626317
42080918
535973124
410225735
176907909
87331211
190564890
131735023
272070800
428264369
142325309
91236509
190595067
551180900
478435462
143643024
57231706
134407881
157260214
92478131
275954232
180637712
123964758
47535128
154515227
120296259
606415337
175828348
418200382
544894500
432293285
142128642
637693250
138022964
40899038
509736606
56026085
445637865
80143664
420543718
78272852
100888140
110742791
142862218
89622933
646378366
59296189
209691245
491937261
97677027
159795973
68449726
42050399
225638440
180429432
264342701
559024374
114849
688760392
92786805
58338851
57616487
526693545
29465660
689088795
76561315
205919426
610579234
250539464
160261855
620992511
688630832
79582295
36239215
99225727
137169209
539682614
440690342
40439895
50896479
109678298
635331154
96525471
507535282
269127729
484804013
153120360
498780068
9522337
61384185
227501365
32073647
518740411
31564199
448714733
242544634
615095569
54675734
180850795
194835825
88354503
673869510
135854114
171780757
60852913
271728746
56125488
166224813
138267186
18733149
565021390
15724168
689280137
162419634
521793610
90386642
57203027
68527845
73535415
126710993
408805183
204064943
645319360
193265872
689512461
514853659
179609965
424027131
409054307
127131514
60799143
416768595
484985721
88595473
570760583
517572934
454814615
570625914
46960980
561224883
43467555
195288082
476519736
472664857
203073780
22602684
47340246
76431511
104863678
688749408
550577134
42019757
59632090
266064636
92449000
250611086
435957310
44239677
127025184
32402099
521309812
92154189
255946938
692191876
165374090
66965872
136099710
165810687
129747646
137948831
536011581
193777670
405072031
599558615
445531317
581970971
78448980
657748895
528959328
72373783
419966389
257627529
590727797
417019957
113320479
423719691
467173959
55916526
655118695
117491621
91447738
99467840
529471275
77336113
451155951
640509000
59727534
627299110
135387375
10965585
100530787
451909591
59952862
418700488
95803758
62948284
450673830
534323226
263822306
52388072
124505365
237779242
572401520
56831474
143766973
39136748
584021851
522183636
138449465
51366627
123001968
429980951
649362602
50053880
465108685
517690065
121861868
149982461
94900550
242335059
25286726
43557453
120391867
90207188
2718276
141893869
79285930
43152827
160080425
84945565
67914206
1422183
197971138
148537773
70074962
128244983
488595052
75479600
200840517
19610447
133230728
566338360
145352
99426868
107397931
135205328
59607739
132302919
447844611
197648083
88573390
25085088
450249524
46869587
541004706
144082255
412709949
602775241
193931822
56031382
27981376
42885295
70449886
69110662
175068399
260774220
107239506
496257171
126834655
180709637
492870501
468321518
84404275
535701355
189657967
136195903
404791550
44227676
61507743
238403231
528483044
81382740
135407660
441078072
566527671
250203421
222432882
104959081
614730170
564271016
120093701
125338231
158317105
238289222
94594213
175969753
170400415
29289459
38159555
136481879
465624348
40508690
213774276
525397366
600744170
106847075
198624396
82934315
439587308
76803680
516076259
495062908
184314515
180435387
180220031
10540691
60280794
463240502
585891663
222206383
550830136
96564793
59165398
437126484
164493874
484596088
669224155
175838806
189986363
521898356
485399491
409297180
574805542
190092870
16706126
498275152
93123280
246195331
188745968
513703328
409995925
598771995
599330868
64254666
141189629
47355962
675997618
90917386
69756324
101449968
110619983
242118677
84594126
228115790
582327640
120569117
551704254
451594206
56584153
412327082
627047867
151671914
271052808
520304767
454846405
174826604
59837884
229480067
626273051
139726430
117767903
185251065
156019456
235890194
410084456
24008531
491591434
139753966
272587417
490012639
82358889
200736877
417006314
546441755
508881283
464933998
476811965
218728376
625404741
131512993
531802125
136695697
168066029
576072040
471418991
188205315
582243596
69001492
609378644
427374443
560101242
500318951
604967818
126728145
138666374
402777695
27170393
461498970
590258548
144398426
81125543
191961400
428917366
70232910
519476299
521132681
97218186
101053301
36162933
401939278
117216007
436356734
544718154
110521562
234605783
51851166
409775533
209027968
46512880
692661352
130188102
147984440
37738411
59444756
168228623
227449257
78339922
445845284
157291813
141183305
216448046
575341663
652047383
469811197
231083614
59947495
236337332
7896396
171930245
144327708
176092457
214328725
212659982
141106354
413316468
519490035
625430092
474236515
223014146
170215088
600065569
588224870
144470627
417752062
486312520
690263701
571216041
36777614
151151145
44900278
151455705
59757475
605859280
84139751
527260422
19531901
255576069
54086193
208306578
445021259
554026576
78062083
58212764
546766441
180364790
107924098
26284501
64197688
219155809
441394136
92461147
272333462
576201960
140858257
465429340
2143214
101604813
52632793
643287793
169318638
530815920
85573840
534321421
498873235
626503074
46964314
471467438
144450371
121061324
103817441
459197244
405947110
72821073
504731111
123719129
666791779
102509701
70878360
48367344
506635626
536233903
73505091
71843855
565176927
187044645
627774657
465352436
539012021
224540815
41550191
189287862
131723573
481544484
266224767
68456797
74635636
496872469
127995351
75406170
246694180
433594725
103240627
498803739
101983385
187714051
622277695
38097083
31285772
56524856
70142088
187582397
222760865
37027097
59303097
21138729
523242952
226593007
161182605
80523112
500986010
38435855
155730582
202083940
230687053
105760163
108731990
190027022
467339974
195127571
476061780
140321591
195577286
170472167
221840476
57295967
209715585
26285395
500827185
505952228
556228753
247152560
261964120
146125126
49944946
197804862
63162396
38130964
63699532
119370590
73773448
485732483
224405482
651461521
123248707
686386941
145230635
26277516
52941593
112870308
638942708
56566810
46630951
59134494
96259237
38466036
247510262
500440531
9258301
523368018
479570873
553483018
90924800
547923442
96469435
47725958
97898968
405481150
35612327
628918641
175887182
123035592
559331380
113933943
43409345
597411673
77662889
494986700
613940222
535525788
136403147
250397563
26615492
216555252
257423650
538640743
60725260
276838324
253222128
59529930
114929131
488558121
120473561
488626822
490739620
59259558
262025123
651727499
44159006
124570985
43250238
472427096
233507191
114881155
121559286
518925784
664574900
88369645
557861910
119170109
4930146
42441267
492518804
256078174
523978924
249347986
441186648
442405994
88761943
129419413
42006346
575468797
127258593
524579734
232958123
113659057
100967731
654365545
270191610
671012505
652107579
130565394
126384253
182353234
107804028
140255075
58595515
205257420
435495076
176181986
151066335
249974066
168697946
533155401
61071368
267176565
581309950
29914061
107037548
20650211
61510629
123155345
146612437
209083877
267149178
131057072
599602049
252051876
592934481
106340552
413382333
121417324
88520946
153142384
164024664
39793309
179825945
113846581
412734876
43276829
613830926
511339151
207768669
493711598
531822783
213110347
275899397
41610061
527990189
59555154
51530423
147931716
144405562
208132883
165536746
502185725
500116931
234855743
32892729
160155628
222871480
43366547
161430615
138277832
481378118
89673336
188904209
220310410
162948431
179137707
96767590
401462993
152824713
136819660
512071018
145425304
165116980
684638567
26760639
166350003
190955334
661805772
162837405
174145548
487071026
100840716
79471362
604570099
549540765
263932536
184501585
110899938
44749344
279660790
617558879
563504816
280793754
138962689
122518587
433025191
54510260
191570040
108257716
65384349
96969242
129122097
93962761
240412796
554932152
122465504
145695793
537880866
106030084
128282351
171671796
164180530
462169005
89392226
174161131
47971820
223868612
669330612
94179470
7557824
430839519
44488900
422910199
259468796
175803028
54382596
130235270
280204484
28039508
449996813
429000177
445994968
217554597
433066341
174571295
439760345
431106099
66076710
63153695
29118887
168845324
441767469
659075862
31681223
66081829
501139961
142959457
81647183
660322159
602339618
553094444
196960764
25321508
217706400
141701268
30080685
477024577
252780846
435824438
39233569
112051086
227260897
40963615
618155110
237506800
553706599
153334366
215145954
591495489
96710392
156510692
465075583
545244046
40349855
514603060
216934371
141644131
124463659
95880213
415514529
660391318
69155437
126564349
37231218
265590202
252330379
112253062
546586799
537484050
168204025
41685228
127827840
201073289
65331323
485775989
211143915
110202160
600065377
80043259
244208141
559356638
216590269
468985390
548504283
94978726
36125583
47614448
127216849
240854132
232469538
130447985
537252200
244494683
173785280
47578243
147686274
50442640
566661618
171176833
142328374
112015522
160859455
517372237
198058035
35986532
234676881
190909610
474830439
179763742
630490130
94406278
92891266
132958779
234350361
549137444
35848089
89495033
127759332
123973762
68065886
419512159
40546847
6307866
224058557
678751631
126962650
217419052
90941303
454838396
623635130
87872051
639395487
77179669
504520959
196858
442872387
599698474
181848902
490093649
603189925
224281670
266946428
74476967
205500988
58351383
456879858
483798543
42135727
639548580
27636700
553229562
507285369
625107288
6225897
162419997
265939909
137747647
151616349
104457607
168361516
66652324
497809089
626314650
157278906
242978145
65308883
534968267
506086509
83705132
166692035
105507643
531494234
144083287
458875798
99996501
50006111
45999131
558634039
122320553
572131273
73205300
97036526
87772478
446239770
228082001
526115526
523462337
42772561
181971803
134411142
63243478
562438934
140369998
536958950
111392121
23136926
500816083
414492049
93294786
239375789
185327805
26804762
87312169
82425711
510762510
85481913
280791685
138746534
556864773
139927987
229538255
489354043
580427046
547621764
182507435
136999015
239915342
194497955
155815617
462790427
192851253
551170137
74899713
153535454
51923407
112410123
425619295
665171789
52118892
513887774
248748924
219120624
188409683
106608631
139507047
40336775
507485824
279937124
455620107
166254164
63627673
441546404
526279965
151061409
539072595
155816976
458023375
451497781
27579980
112553482
8064371
134831433
159646011
106474241
38180215
114928128
156906751
188818953
427601780
96701550
122239143
64915308
51615268
36716309
432170545
90658759
9455149
95595380
485389228
187649608
30775441
175042304
536101507
40219766
195638783
509296307
74900233
691431779
456109639
112337034
441305098
79837669
37392471
510436124
494447807
273748699
509183862
50841543
41415478
540086670
553869313
32959281
196219819
517056443
138046045
642720684
229493126
107679218
260822081
611280220
536185797
164009523
624692622
681140324
14633538
440257920
240600512
413077883
30673864
82212777
514941547
202381750
506165672
9251623
273787823
411766028
465076608
614316654
182289946
191733663
99385044
51577792
178375638
21154143
38817019
496883880
212245507
84772936
424980642
60890787
429598514
161079683
441775812
30232354
542387185
277165544
514353055
162408197
87413060
532451278
163778071
145525232
41488604
146311189
51512390
40923096
168607243
512600134
74788136
160510106
102560690
471941451
422460931
547266333
465999407
175835118
6139390
648071383
516111609
453415764
158945663
116027020
516789979
130170359
50155725
70660472
149160139
277788383
61697389
62686378
405258944
168255136
40281775
158156128
632149765
557936174
38283027
25453885
29549914
79193561
489773965
39133524
588818404
422926780
492266333
65384075
116856167
209450437
450629452
667462435
120606374
228892275
446019492
83347457
619820012
74587153
92153188
42949320
165101955
36300642
654161427
48010663
451213094
50629817
676753613
110751754
76936692
102815880
133759377
165023234
682171103
591648692
71649772
155912863
72177103
87789124
105266327
98461941
171996809
182770130
111813955
516755177
260331566
120439071
143377622
21030796
43638461
145616346
147370258
61652153
49683142
81511914
77201081
74805557
158342986
182910991
187239342
596062923
263943822
118593465
144990789
513401214
488117798
85187736
648322924
46946474
606370833
496933508
517691122
141085131
75016291
42957863
591553895
13844042
32596474
143438503
508835088
63767651
71724478
211045781
223017413
645085455
222740056
45713046
148243371
513336338
130793562
62560349
103121978
47378646
37868222
671624336
203560932
61792186
22604893
60523778
460705168
92111267
462382424
170205019
576886526
473602296
78256979
685136030
138004557
153006929
199026792
622474203
36419220
151108493
688492081
188988786
130890400
444363990
500828364
28732370
202346918
203782883
64516483
181372932
595475883
145399377
157208971
154415023
173939174
51732640
690289709
527436947
145212661
505476389
527135475
568292244
553467618
71032630
87166120
150020869
693173599
85277436
612371283
139817799
70262520
497981673
109749488
505697011
128565621
66120887
52397891
101507099
453183150
118930521
612294447
119774906
560500864
66742082
157797149
17128185
21708333
73375593
107587893
560486885
538945217
426694045
264809477
195120773
133045915
40274373
72648907
188351172
261529609
520514897
219971337
445682745
70788241
533805871
110828778
92993862
54900207
193275855
478106079
141670863
177469580
450281632
407925481
460737708
71064441
170996968
401630679
640828894
172474358
168255954
139906664
116351398
609397089
121661714
82009528
219337700
198801511
50989387
466013303
535141299
112365790
181304716
49654967
461866900
423637257
95641803
87835937
116971662
264092731
72137193
102844513
90376291
175547373
145777209
10665782
137418882
36200543
487398205
552898059
70069836
553542950
552617050
158215552
66126301
566890597
153919727
529646988
187430699
149282352
45036931
155090235
84512659
426908430
31356328
72319874
162050435
184655254
561438977
232184232
126202901
684709992
652133498
143091991
494894873
138885451
147067540
43570513
486155419
171398951
457098992
577404099
138065635
507295062
143918982
32328083
112044303
640430771
56926236
489668917
602419905
658972120
46486896
112491935
125914154
122166550
125618754
124795762
492186474
138728926
523285742
590087527
149031824
520081382
64767875
150659788
112874058
207216304
500400928
82570121
143842306
273205524
38652215
433819355
234999983
145072244
158744328
142351066
167703581
189005286
160233518
25707160
576229133
62564630
593955105
570468380
128212178
180854563
653920207
120421894
527377588
423516849
244305936
176202697
608157414
124707647
476124222
660495436
450469146
179507918
108486927
586023832
110463998
270128271
203601951
580423375
146532155
87026992
78247263
670178363
133815123
417052063
100452648
278576263
62622288
421655777
98461239
89049679
66795068
490141529
75883480
106320142
161349023
164162589
116968916
52581780
481740947
81884406
95837509
162495300
424856706
649918426
109157281
449456680
189158769
83404925
603510703
571732660
92230525
477130342
263128971
43816206
103311882
190643434
136199168
165862223
647323808
468777681
42464358
495457804
643979572
516027974
135057750
77495343
406445810
87122965
509057674
131728809
480462511
466606471
574970206
42585139
69727473
52317694
40431554
206826347
99341760
449534609
262864221
149585757
177175682
51776015
39016540
52192853
66747942
88282162
195800410
71870044
412727314
145279399
401616656
61214645
445231603
556616164
46362347
139080779
410083715
466752159
94225169
172960739
476293381
655612175
500210047
132697941
55734921
273190487
101586169
475898533
44557888
525033129
198491864
194150947
35758392
59178379
563845864
626169171
643321059
89634305
254015072
506559043
661458346
662002642
213359269
53797498
129722448
609164735
450418077
155630668
87325603
69578806
612832426
112862925
617005381
182251325
278594534
47371891
443775166
558354593
124751250
611012264
180429593
522258732
163749697
206143769
183069934
208275616
126265458
428662078
52589205
431938556
250004221
256373623
24827048
274116689
419529320
134977559
15312528
104475810
636989506
45944269
436199269
140620639
566898175
608611845
108246485
111531084
156658019
613285712
503395916
195137336
74943386
512426541
157165339
246108513
243369608
160371562
184598149
57725436
139685560
403819856
522207507
67637178
199013215
76222192
44566606
232800799
423590114
409591517
467270996
686936572
76786571
162622982
198005919
405786093
568718540
144277240
67272861
88586473
191098454
50294340
139889499
59200506
106088418
482475105
243860337
543793863
524633727
73641653
417277473
57899522
641535737
238937419
526649011
110273999
69580935
505077613
408707982
460001699
690320587
44076151
448516405
176432940
148339495
53560475
593887666
213095690
227960579
406814361
76680276
178158072
87421348
155594530
606249480
531754155
154254851
654293940
157210813
164175225
438109194
224003262
423798252
123524835
187955216
32684511
140161774
25018188
175996833
79343513
2957871
426647051
36286284
156044423
689237129
456606308
139167970
231161155
273695544
548154857
185984196
71418102
435640129
599818082
176059911
129113668
537473409
153235550
248203878
568972389
580435421
435892980
36612285
20321263
110170622
243901880
190872483
69821135
453466480
47616110
139497457
510082190
261791208
87128876
79456198
493740569
503922507
179161525
71642781
126340486
76160549
227864529
499199374
475846776
130417635
569689662
103609511
199397391
484364522
164316024
27184785
40410104
450815492
417169332
72220948
113147373
429010438
77371375
262483093
72941066
533970546
446940490
197408929
465473041
108531569
423565204
28357356
42090626
237102880
489751490
78326407
132757318
117499640
179539496
54883003
234299920
155703254
633218216
13343566
8002342
133893862
42006631
516013006
441480482
46042174
501264320
114507236
280612671
149208482
246847623
98693708
266950901
82852919
193957266
179413475
146775353
261715
59339538
201564210
31771256
492672874
541169416
202436777
70605038
71738410
244228496
491408225
35633824
217582986
22639237
122101852
250525139
263685441
23264845
14794058
678844832
117057562
459599021
209480231
647494940
152993813
629300587
460700913
565951460
29821756
173121945
56796268
476361068
553694730
197562812
555968250
119839728
76327657
451028361
13992628
128956845
35823397
146244950
56059838
40763342
170186535
488105533
474650666
59369790
70280049
25229948
26705611
87955015
49664224
441152016
63614716
89302494
31971160
454661734
99354666
43891232
149742706
445172168
465780246
561796505
130676753
154785624
592741212
228512794
86787354
50141519
93290589
535721088
120625713
592619008
181017211
451323892
75118684
232465673
467716704
80841111
193620140
492788513
613413349
44488900
445994968
619768468
45298695
472481151
143446315
119983210
171308338
100462683
524665235
538132740
62591913
52580920
444730349
27308640
66109890
263650555
687471121
604039791
446697287
405124021
149180315
402902467
425469503
147226254
176407423
55172263
472263429
27607346
142856547
68474439
108827083
73300404
400962673
139106010
139145189
427819392
417743693
613151482
648317621
404010723
121995626
154578044
502488502
107298629
197901639
506222119
540399919
422816028
230807461
191284574
180660074
222703869
136288327
85393742
69417141
512164550
46781335
615360989
494493142
62564630
147698016
67998156
118244458
64394365
55104319
117656673
46149213
491547713
568863074
231492820
401706348
177628403
563608567
82598870
120319194
544818407
250832660
79405393
129399363
537473409
248203878
91856292
94800926
68074973
111466804
493677090
490550784
511925057
56138863
116831209
17212755
243795631
559308723
155440096
544009616
148007283
37401965
245482737
174579890
130447985
690289709
42521130
516790009
160991927
154837917
29887940
51848009
59374763
130153444
277931188
214646692
216901070
129120787
131755649
645822568
500063673
540914394
122785733
134883146
647323808
92230525
488981455
137789561
180213353
504719702
116254518
106130762
40431097
400129999
576647323
101846410
144357548
620524022
206400203
85976333
122729260
143074087
215934899
31881839
246847623
110724197
46195468
583728841
57131204
461900635
108232941
123261969
93803220
140212379
527151681
97952443
58769003
158340570
596246965
473288090
522479510
443162630
77310182
138913627
145027919
114405530
478613525
407520981
465058406
176633863
485549502
179986277
690503177
691861580
440654242
137692495
115612807
46110834
475858273
473312943
107094107
653235418
125848051
400532244
439868099
223977338
49862707
158256423
552038792
236748972
533605897
166949280
537729383
126122162
81623115
53225064
412260388
409799420
181180802
578877090
417157450
276958686
693154009
101053301
213359269
612832426
500816495
61517311
681034317
425903832
77486172
98041498
270552505
40340499
407587515
663043848
545418265
135182486
260320385
48866713
445131889
68998929
215087071
241509386
30071705
131656901
229369593
198615532
250543107
45463079
56865714
126525263
210534220
641040585
455455732
509785842
147903012
127870665
154375264
248530573
120916401
104817091
146945108
595911182
184392002
417629241
262417229
229549950
73797069
555863170
614362470
61931647
63415023
539732164
205295990
642424841
62865635
49768307
56675042
59172303
106239894
60065048
180631336
623968795
179440996
611100391
463775407
49219318
78277766
91614660
117069801
198519749
130083081
178394313
89388751
189687701
432123476
80426906
115878986
134889156
25125739
38906422
182081585
66076710
244273888
143818050
127098272
557517779
59602620
692032275
626038948
79142860
542622206
196665077
259439007
88693923
221868713
51557075
429296615
618124598
484532999
103022209
279964499
496933508
43687313
176213890
433693412
581118992
135587708
424556350
229726981
492182523
127616202
128765315
597980828
136367529
584594839
86999653
71096759
600184640
88595032
142718567
46331785
222740056
508835088
79343513
125554052
582885011
55535063
142953113
226689087
155594530
74107666
47740849
190794019
58030059
22818735
237522580
273229896
428096085
55698595
442760024
412027834
255515004
76535999
455043040
489162058
132864590
106139955
622236151
124178240
96633744
39490936
475500957
67881385
73166671
583317033
90774321
220865381
661891922
595527363
123165353
216170089
25627360
537872437
64915308
134087825
133815123
275298005
188096755
407730397
115840206
66761057
467129722
106302217
554379022
182149606
507184850
99461013
62273553
142697677
24261684
486320444
510436124
50841543
17085905
23092337
267453334
509497166
464191296
207133164
234410312
171847253
552816123
563339735
615081314
143269962
52818633
453208920
58014056
162305151
102322650
72941066
103377639
186497019
14556686
556405843
550492472
145437019
414474383
656777657
38323649
512517093
27763050
113795248
532485532
46375210
123333957
53648046
28141224
70390377
189347659
8002342
165086581
51944397
438087913
478787265
182884358
101072293
176535027
69007283
24579733
98959256
512012119
673405486
511153269
41491621
652318216
450870524
83534261
404816457
128487449
42006631
126495653
104795528
90359687
65079713
121511685
50538556
232672712
409834796
53049867
39256785
509391431
54920886
506699345
635097191
27115670
51017710
546719463
521872030
95353186
25918388
402165225
510675074
165421037
502368971
29855723
111744983
63821630
112915797
582743109
577010909
25138734
58722145
38462119
259505198
128092581
505916471
172464185
404543395
33660478
273302173
590321608
42023589
78049688
185601533
531295987
510331792
402603510
145652703
613805720
617035897
45547756
87671824
176923433
272795982
475898533
10179039
595671818
551563135
500095164
254015072
22214120
46426247
31983084
58732607
636371395
65843701
648828703
546522836
25639827
116103372
51583361
133228973
194624756
148922086
51711729
431587841
548705145
101831607
475032094
274116689
114271954
407999497
70079018
546737725
255881663
176323941
81336540
42977351
546718416
471901593
597211365
450973766
457317414
65468548
127094542
141883606
132709747
490633717
258167381
154785173
511244318
425394506
139994142
162614228
110231372
68383079
25455988
624902095
482466411
570761580
78497770
50269864
617141546
78544703
491959840
420987616
684758683
574097284
413433744
191098454
151993025
245986189
517572934
65534383
457326851
167607551
426283073
52709485
528464584
635414399
403440520
500086963
135182996
481006340
98063027
47780817
554727786
523681556
475554054
136481879
553094444
429296615
557222492
48612069
413402665
572350106
498417962
80043748
502377406
122108514
644333000
237440224
177640418
217606093
92483762
58862104
57673911
104872952
83630841
158744328
489951277
116242512
168832221
441874997
131940684
167046654
25601301
127236070
122761722
265823555
621831076
140461338
422457481
551719715
127074830
176432940
133986637
253126587
29198675
423526794
40349855
160238858
36424848
429025908
651565093
149455747
197397717
50194219
219070455
36724553
472426049
505293303
438604145
455658763
78856404
639227819
173332481
141180968
38740315
223017413
544818407
574565042
450441774
679443701
509288205
124950758
53781879
487936385
583019131
157281708
417458807
26721506
136195886
167000138
60385018
157480807
122851164
69919555
32460463
528959328
20829554
557804613
475500957
112349694
139938325
31792959
636846177
658804130
130658039
491922738
61792186
160049567
160868939
516897754
57148236
137314656
188655669
271035754
39378658
486153384
42285353
83105474
173145542
75138470
162228463
668728964
420596120
120312941
59102466
631205424
529872797
677338479
194053600
211833304
243901880
97818389
192271597
587676402
532218662
47366346
545365407
109144353
184428256
112800360
192179246
591658368
591474160
186490361
61246951
215106725
27104229
228078748
77235653
50450272
179221074
168026694
168845683
152338385
603362885
180213353
663648144
662247357
101440314
128151107
249856389
491614020
57998004
602276995
156458749
558362020
669868123
26000814
456528168
38400468
236238967
183772784
143090621
508191882
46001150
66742082
121511685
49872576
104739250
86719450
168679492
438512810
608884252
116010735
444334410
155817630
460917416
169223812
176545192
202945069
23052441
501653615
66336693
613533465
206520288
64788017
46233206
250625533
45767586
263415726
548956746
571942680
88060456
511651150
57815291
142082202
203625736
226674177
51760452
171411948
445231603
39819473
92725550
527459961
138398941
117057562
161023957
86728139
98175747
423079677
144707967
634859298
62663168
48847971
46255660
147791837
203794931
124196764
518177374
626607598
75119978
209480231
490346022
85030642
122096491
444184888
36029616
70673639
57191679
96126295
556524081
240316911
404862165
606571850
115670151
505266227
71931764
556232883
110803637
66493478
95036347
512648265
133506370
147362622
521192472
503016574
58571561
98177482
502924614
81489933
157795504
60734001
174690745
268872055
239566320
497073145
129534898
127035576
145670120
169292307
74670345
41929285
518329290
142713033
683488938
206143769
154785624
464248996
451568036
112365790
488596151
37765304
63763075
61757480
476010449
75129735
656340401
74109201
450629452
432112463
481294297
48067057
182647697
508222058
106948767
248530573
275473782
656704023
38100480
130913027
77941971
37869570
196295453
37337674
64125249
32455245
124924560
183832226
52450018
84682644
274850311
267014686
517361797
521931884
665701229
503255551
151507533
96293897
179440996
558525051
410242423
140270469
144540419
151131127
41788224
623776699
498250269
44789583
25195838
159026180
482962732
586488306
36903522
590332166
460419427
190275153
65318909
563132954
76936692
692498528
30167795
136220104
559740939
100520433
25060905
79214211
486260031
140997938
166661608
178193534
404887943
52249778
518933081
108602069
223449059
111813955
234874685
26814115
44552574
403163827
61911156
160652829
616317137
106858148
43491517
121500905
123349861
86055859
480795690
139092775
608162445
619548503
123347179
520053667
123035695
52415737
478264406
190558628
554170602
529956331
220076394
18405363
41088616
641399564
500324599
148252031
237316875
79556180
240239168
120542196
216410990
262588733
46938600
28858415
684218327
47740849
26933810
197151308
250838942
36831324
416468268
103036674
49425856
67010395
567356459
440232371
246364883
454115495
617583568
171685194
29083602
162561784
435272822
593852865
626765594
427788798
416977306
517932333
51617219
514897717
422135940
625562202
176607022
508843616
686640278
103831850
58027870
537063082
608107753
40624893
42440318
250226670
419500567
54307730
418628502
54962997
495040838
277215351
592101946
38291321
206283518
584194543
187541143
618804886
213876416
103979603
401212278
474484699
216917927
194832051
519592258
435131613
500765774
70463455
197200210
148007283
489149105
537032205
46032320
77253353
78248656
538991347
221246750
179883946
37069259
187518546
503019131
75080784
548159499
445744862
193380105
445300693
476047877
433260632
568334211
68460618
593543896
686200289
593741498
532274387
26359386
118912398
50570318
129080094
625219813
51565836
451692254
150974071
422368734
495350912
210018763
233473619
536494263
417703534
169154109
90707634
553069964
129127208
158345601
692722252
512877929
48123565
252803062
431827116
272864040
499022960
620502104
84165398
161247939
144300492
144986288
438087913
569786318
56389527
277249416
15034292
166692544
161368111
246517942
572152362
169004610
61929773
588880808
487364429
72278605
205993175
223848920
81035638
142523715
152503259
193153362
63650642
125581942
263955994
161044777
560486885
198260390
559394898
210282770
209202842
110329252
589765442
130263929
76168377
78199998
102684145
193049352
63143633
181792901
125779778
479552512
130011122
626660533
22541321
658203510
240249251
127731768
58661287
421627317
87670839
406073285
134803820
27477483
21284407
12909898
125293360
131195964
234002394
636174962
232227462
426395215
645564828
58920595
54944344
154176595
230412830
188499790
617084239
603423582
42400773
673411606
478504051
67735849
466728237
47304860
163778022
165934434
116687087
498198859
101838363
115553510
64005144
140146557
414345085
72627847
194931144
180661649
553184096
247331652
65261719
511555359
260329755
536947198
168355895
563904409
191097847
257326769
461687760
143356412
27458589
270581602
536584165
449710810
629405614
449071564
148081530
145023158
93132671
128227553
478268815
57872815
56548196
45426373
92975744
117885293
163007696
547089256
24616775
462253955
183317005
58144925
527782348
546658396
58935065
48694510
232900452
197984477
116971662
264092731
492266333
503900366
31951843
664220962
447196161
81111504
52589205
118707012
96344732
62022509
82354234
30335010
96868279
142881798
109485282
511548511
475709010
143052817
505301012
98583811
41989383
63732835
61931647
63716542
534829028
105259807
147502432
656744586
436057341
107811260
27566249
447561356
581201274
150019
45320761
72295817
126487599
603650518
50965069
590668346
37055465
622215462
527702137
174214845
152752371
142789400
514033625
158317105
27309802
44566606
45787514
613767485
73622452
464445908
173919823
118171916
150067106
572241130
491835639
402925439
211913493
149191958
52246666
158218796
146653685
195291197
635276396
180946132
214817271
47606200
80436453
494812835
25677501
191022491
196639962
562524809
250101708
116619475
534382867
225946738
150615144
131094843
70146602
535443780
265045792
510396430
226084279
112643214
254606064
410006470
584620422
547145250
57015177
572364214
529560754
546773342
477542005
540449445
167049423
161742082
527784377
165736178
4535698
74282974
429664598
106750503
65243322
73090143
94586845
685287994
209319391
49640416
482740767
541348296
572360084
514161739
89851437
592005942
535670977
548130057
517049784
135918978
501125746
270155898
625632120
538646784
615360989
53385733
50208619
551533914
73531575
168017722
100711364
264857831
447701933
57728270
484372767
475932580
43180170
132545274
434540105
128289675
60616332
153365163
144717337
154873218
143090932
244540902
147237701
140630328
180858699
496500268
638219057
41743780
135185758
470918219
75011839
61602247
654249041
41438615
49191372
449365725
49616769
96089460
122900526
97431710
140607739
103121978
498912581
95042518
555741123
202254334
536724628
55433468
138979177
559203104
597960995
523720986
507006079
39816929
60806117
49682921
152613238
141584530
190420931
99870041
117571593
530771682
255041139
35981717
240612593
52313776
492332740
630678933
166507976
487461855
95918286
492337648
160307319
636391851
124095772
160683086
509274226
584699782
63955882
429495982
107789627
134125561
247860951
493245661
195719409
493474248
134346120
143676778
232541638
569413036
134525704
505866513
160869564
505748959
27025120
460350795
143766973
57801692
463750370
486862734
87557328
105861336
40773428
42810417
472877605
46439907
90637279
55912779
57238257
6260757
435769684
401422028
428726022
73134804
565792149
465977860
248314598
264707654
591234524
668209794
147928275
442200665
553104185
541259861
206823731
94315674
181855079
411182735
104615306
125401702
583661237
31881839
136279060
44298432
224336791
511953814
32031176
191527609
238525281
86027393
20873211
201005653
129263779
102244816
171899287
137143828
28786228
642425958
461896870
161345415
109735446
408476695
107490659
175089714
55994935
58365850
576036993
120163405
175244493
90034710
120053666
612114611
528146749
529402942
250179152
115687286
55071918
161120711
497514735
547791940
48788125
680586783
153861434
53436811
627561012
133717555
49069792
75100554
571826548
123409963
41416455
506820133
550805716
145221374
133429159
644914989
173503020
664728617
521849990
416151269
438632984
621574845
24435783
67273506
195214189
40405848
406878177
93089217
559029262
177992910
271308855
424645064
582319545
30279291
170745451
475848394
267325565
225426752
148389307
553694730
525947982
568087249
206803624
619326807
53517473
498575571
276977191
490716905
509190264
45261662
61181721
429517389
504766264
526092964
175068333
511110061
429266444
91126079
677916757
448081426
92014967
441115744
278297549
675714775
558354593
88524698
122194799
59369790
40276713
108607975
554657933
693172947
77471328
437289475
226241667
74939178
122340683
8596158
259420812
69708020
650177904
470595593
195566977
130559316
59126822
665942171
32829485
692454013
584392719
228710505
543959229
45873441
127868659
463587260
82273838
506256132
194216556
118823388
52774644
270469764
417583814
82430939
43853404
48276168
636205183
601311813
133529067
550844965
635378419
136817436
667922669
228339545
654155972
136569575
125005876
434786416
152430479
88677889
157204076
490641058
604140743
187981441
145057918
58285470
55764117
37062846
543021103
155317812
411793209
68409955
128003731
111432902
86552332
272488231
140580569
92898201
139685560
199027519
120553037
194996004
212509472
25054337
165733905
219405917
111773910
614692985
452432560
213195046
30981501
170231752
176616842
81685243
468197355
129295218
644743452
129205537
161669684
122315300
85945677
421365868
141487779
609420821
104142937
71674891
203113136
57742570
107859817
51567387
609965397
644052878
137249935
93003732
153662937
89148451
415969913
143822505
474668616
130448367
51736003
559862869
666107677
142856547
186576187
463745603
239094783
191832158
264237132
517583396
191206032
532222843
670055777
165164360
187933926
23420968
142788915
437272688
94818649
77449684
491028771
13549081
189508231
275532196
236250703
411315336
143729677
113884859
231032507
9460020
625324552
79358011
73772695
117099371
46239955
269437350
210307105
467342079
36780876
583424022
183543579
159601262
466472694
440599583
147780629
437451823
48520218
75196200
521332795
226881605
146479453
122638999
624909487
167865958
175143018
112696010
261667027
684762230
244228334
199312305
191285170
106226172
665201990
177982031
275079355
617039493
438109194
70850663
591654857
517694481
91036982
39633211
8905927
569502779
515883091
675227354
221623988
161835870
445535481
493749502
661025595
653920207
678622041
30082443
45249397
454942973
183104205
205725073
524724771
155818544
412132733
461155910
585104098
565189459
39293126
560127341
273432114
134339454
204969215
60440989
538154621
94782122
117788761
46201807
16465144
427954346
172561830
110490166
597332016
467234909
80611491
31873092
470546929
457920628
111187523
536717723
610965814
174319057
167022568
43017733
224160939
112890360
116792060
159184925
130496012
41973501
32067300
60170228
101077975
552093410
137687902
42933722
526083960
522354909
428946852
188935627
97263448
623741936
129298881
654096838
635128742
422182300
63107255
159042386
519430376
68908135
23250476
494902163
166914248
231053562
117545857
158112690
184180388
635444219
691431779
529825407
126293204
191057694
127849674
512557188
154672186
43995233
40545884
143655307
211665669
619909209
232706741
509359003
84358350
37194055
509533511
63802819
651096953
72293041
497726896
84317549
201049650
589988814
427825190
187921553
64115436
499462000
159075898
131967878
128027136
136612475
140413163
116500749
156745843
31361457
409970059
168169161
217178854
473268745
189755191
613190944
48513118
219420639
192371629
27591836
109008761
414819837
147556899
157125793
178829308
82673101
240600512
124707504
240003965
222419086
197529988
45381759
650180793
52471276
489389863
481162823
149949523
55566083
443797149
48997193
614199839
464800808
126947551
217504665
165803070
425395713
194699073
162710751
64082473
411766028
608829250
684760653
142504550
89169832
592383737
51805480
219426428
584528508
153057328
278199918
499398800
90120230
271844366
242713994
65596322
442871278
192228519
79177811
597422944
49851888
122094493
545183592
244545299
60812882
139893638
663895208
406016961
73602972
261718917
92153306
114935596
38406646
529477799
549057343
37135668
26772264
124986766
184524844
518152377
260920682
244187324
140679266
182085801
136463504
549816352
155703305
446698834
544441124
59594107
146217799
71870044
160759253
272188319
120718464
588468315
402928840
422729726
435401751
265584728
502480988
38062736
590582442
505758261
153745248
36001652
259022088
192089962
84851892
38032779
620376032
464831845
26319032
69312438
661325429
643232146
94581993
135594330
611347879
92947502
196435566
90221968
23059865
463774596
53141273
439878021
21274729
147980025
690828995
639131017
422460931
165528508
85592333
23020216
47055356
52954519
191184475
107498076
563418609
495364197
28344092
54862214
151753347
69445090
20738573
441672923
59159555
179745906
453415764
51839698
681034317
153403939
161567506
59891235
206986514
274062313
28649629
501062186
526227458
195279032
31136175
123638840
164898807
87097756
479878804
181679630
436763205
502153443
223102757
141143922
120778707
189452394
47371891
87552385
124668792
486808516
76243702
617966516
638388162
508857918
130674587
120681184
228533848
176513803
100166350
41497612
564299592
628631798
470126718
41340698
117512832
5862393
206920053
485123830
553816569
690667492
279369932
37472905
134907528
37621649
178773867
515376391
652406059
69993503
114861061
50305830
102220568
199206723
453631265
163748918
241643838
80329474
130376048
191620825
280481419
208327997
102776614
118391570
133959349
681654109
545991651
592649840
127078480
130331413
145674849
234279819
134088070
212895684
597645835
134264779
562569020
472481151
467662067
175565815
178226948
158842438
171128559
275074673
31187858
46674730
43308395
90966401
479336523
274851916
495178551
38915748
42012483
15194164
31591609
593397819
168380845
615939980
36818579
111320749
131630287
208699887
228996081
130145609
37774367
212344505
99279497
28368502
200815088
500839978
36262918
240590399
195797454
82221241
122468731
263428085
426059941
131004305
26712713
553451874
81158134
119934739
593804743
72769992
86653872
517720013
479363908
559359055
509819520
21099912
192590142
500237266
185327805
51088745
544631682
551567751
587713716
42487912
419379241
49104386
115094372
22770259
584078457
188988550
150962056
48095008
267474078
670453703
537693748
56142206
240461599
185009324
88409001
519556606
593697966
125870305
603720201
237776516
149372617
155394304
140144030
179010662
473926902
128390932
161364945
47552376
43243670
45221085
655599679
477069534
193617610
224563821
592373123
549081308
92714354
206929230
555879300
585951427
161812305
84256345
188421384
155999159
460909001
554226126
137951397
92858984
416369967
616679406
106453062
58720373
263700022
128334556
446367322
52605506
64328468
434209594
265669202
661859880
496471885
668292336
692190699
52704962
180330041
49882644
110719868
632812429
672683282
651478686
664390614
173929864
99619831
504524069
565382959
100504441
411109064
251679574
173710737
165690406
22852049
459912206
539168992
206524138
68653447
93784707
408177152
143904197
42768213
78386791
239254622
474098207
128424394
174476441
97992551
134484659
121323828
46043738
50657346
204005696
475444671
191157839
214627204
484981440
221863923
106596172
254469424
136597811
544205047
236495732
58990535
73103979
615526347
80814673
100282796
197815677
67218473
582643600
692946466
529342383
27257095
59439804
26452962
130061376
34051828
567269554
140904701
52179749
79064696
69575434
144615239
547964554
76114981
642282174
585114762
463603367
172097559
419200879
114964045
452422524
127978957
422941985
478396571
463136288
39765553
134478535
153324585
48725317
431148232
428244171
516672011
457561461
434557121
196301132
496818926
279995206
245126999
575152720
176930671
39938236
271329051
55999522
460450017
430197008
408623618
66053224
44768460
466718061
55752321
432143676
219012709
507020520
127924663
26003754
554003599
404064410
414628008
148809339
509970669
149677459
76119928
470395014
517380644
114814542
585529525
547202209
110545504
76977981
154154363
103375447
690535910
134044011
102889984
17892659
605730536
27070355
59163454
425944380
624818899
144308062
6041131
601538600
52635209
175747496
147565891
46829915
527739557
23496959
556840927
551424786
30884793
540509696
620159764
250169283
463781011
475823783
47206757
636092936
148018216
461820243
52181828
75921799
421247784
27810023
198765920
90716362
566847708
161032791
526683747
155802324
611677614
437333348
633126979
456322561
534865529
179126950
31086460
183860718
569339094
597513314
451894857
39224274
122361096
51715445
184135748
43504196
251702
20381277
552248444
102051003
198441035
491686235
188902746
531700724
26348218
556060672
30409846
126672773
606392726
596452221
114478202
145101136
559069329
146873013
96236858
36534995
39237989
553674905
188988566
162919846
94611680
